dim = 2, n = 500, k = 2
0 499 	0 351 110336.788710	0 23 70432.598952
1 499 	0 351 110336.788710	1 58 60839.591956
2 499 	2 320 111591.674412	1 58 60839.591956
3 499 	3 143 115596.768362	1 58 60839.591956
4 499 	3 143 115596.768362	1 58 60839.591956
5 499 	5 232 116332.920794	1 58 60839.591956
6 499 	5 232 116332.920794	1 58 60839.591956
7 499 	5 232 116332.920794	7 139 46813.247653
8 499 	5 232 116332.920794	7 139 46813.247653
9 499 	5 232 116332.920794	7 139 46813.247653
10 499 	5 232 116332.920794	7 139 46813.247653
11 499 	5 232 116332.920794	7 139 46813.247653
12 499 	5 232 116332.920794	7 139 46813.247653
13 499 	5 232 116332.920794	7 139 46813.247653
14 499 	5 232 116332.920794	7 139 46813.247653
15 499 	5 232 116332.920794	7 139 46813.247653
16 499 	5 232 116332.920794	7 139 46813.247653
17 499 	5 232 116332.920794	7 139 46813.247653
18 499 	5 232 116332.920794	7 139 46813.247653
19 499 	5 232 116332.920794	7 139 46813.247653
20 499 	20 143 117226.772293	7 139 46813.247653
21 499 	20 143 117226.772293	7 139 46813.247653
22 499 	20 143 117226.772293	7 139 46813.247653
23 499 	20 143 117226.772293	7 139 46813.247653
24 499 	20 143 117226.772293	7 139 46813.247653
25 499 	20 143 117226.772293	7 139 46813.247653
26 499 	20 143 117226.772293	7 139 46813.247653
27 499 	20 143 117226.772293	7 139 46813.247653
28 499 	20 143 117226.772293	7 139 46813.247653
29 499 	20 143 117226.772293	7 139 46813.247653
30 499 	20 143 117226.772293	7 139 46813.247653
31 499 	20 143 117226.772293	7 139 46813.247653
32 499 	20 143 117226.772293	7 139 46813.247653
33 499 	20 143 117226.772293	7 139 46813.247653
34 499 	20 143 117226.772293	7 139 46813.247653
35 499 	20 143 117226.772293	7 139 46813.247653
36 499 	20 143 117226.772293	7 139 46813.247653
37 499 	20 143 117226.772293	7 139 46813.247653
38 499 	20 143 117226.772293	7 139 46813.247653
39 499 	20 143 117226.772293	7 139 46813.247653
40 499 	20 143 117226.772293	7 139 46813.247653
41 499 	20 143 117226.772293	7 139 46813.247653
42 499 	20 143 117226.772293	7 139 46813.247653
43 499 	20 143 117226.772293	7 139 46813.247653
44 499 	20 143 117226.772293	7 139 46813.247653
45 499 	20 143 117226.772293	7 139 46813.247653
46 499 	20 143 117226.772293	7 139 46813.247653
47 499 	20 143 117226.772293	7 139 46813.247653
48 499 	20 143 117226.772293	7 139 46813.247653
49 499 	20 143 117226.772293	7 139 46813.247653
50 499 	20 143 117226.772293	7 139 46813.247653
51 499 	20 143 117226.772293	7 139 46813.247653
52 499 	20 143 117226.772293	7 139 46813.247653
53 499 	20 143 117226.772293	7 139 46813.247653
54 499 	20 143 117226.772293	7 139 46813.247653
55 499 	20 143 117226.772293	7 139 46813.247653
56 499 	20 143 117226.772293	7 139 46813.247653
57 499 	20 143 117226.772293	7 139 46813.247653
58 499 	20 143 117226.772293	7 139 46813.247653
59 499 	20 143 117226.772293	7 139 46813.247653
60 499 	20 143 117226.772293	7 139 46813.247653
61 499 	20 143 117226.772293	7 139 46813.247653
62 499 	20 143 117226.772293	7 139 46813.247653
63 499 	20 143 117226.772293	7 139 46813.247653
64 499 	64 143 117739.144850	7 139 46813.247653
65 499 	64 143 117739.144850	7 139 46813.247653
66 499 	64 143 117739.144850	7 139 46813.247653
67 499 	64 143 117739.144850	7 139 46813.247653
68 499 	64 143 117739.144850	7 139 46813.247653
69 499 	64 143 117739.144850	7 139 46813.247653
70 499 	64 143 117739.144850	7 139 46813.247653
71 499 	64 143 117739.144850	7 139 46813.247653
72 499 	64 143 117739.144850	7 139 46813.247653
73 499 	64 143 117739.144850	7 139 46813.247653
74 499 	64 143 117739.144850	7 139 46813.247653
75 499 	64 143 117739.144850	7 139 46813.247653
76 499 	64 143 117739.144850	7 139 46813.247653
77 499 	64 143 117739.144850	7 139 46813.247653
78 499 	64 143 117739.144850	7 139 46813.247653
79 499 	64 143 117739.144850	7 139 46813.247653
80 499 	64 143 117739.144850	7 139 46813.247653
81 499 	64 143 117739.144850	7 139 46813.247653
82 499 	64 143 117739.144850	7 139 46813.247653
83 499 	64 143 117739.144850	83 226 43769.849602
84 499 	64 143 117739.144850	83 226 43769.849602
85 499 	64 143 117739.144850	83 226 43769.849602
86 499 	64 143 117739.144850	83 226 43769.849602
87 499 	64 143 117739.144850	83 226 43769.849602
88 499 	64 143 117739.144850	83 226 43769.849602
89 499 	64 143 117739.144850	83 226 43769.849602
90 499 	64 143 117739.144850	83 226 43769.849602
91 499 	64 143 117739.144850	83 226 43769.849602
92 499 	64 143 117739.144850	83 226 43769.849602
93 499 	64 143 117739.144850	83 226 43769.849602
94 499 	64 143 117739.144850	83 226 43769.849602
95 499 	64 143 117739.144850	83 226 43769.849602
96 499 	64 143 117739.144850	83 226 43769.849602
97 499 	64 143 117739.144850	83 226 43769.849602
98 499 	64 143 117739.144850	83 226 43769.849602
99 499 	64 143 117739.144850	83 226 43769.849602
100 499 	64 143 117739.144850	83 226 43769.849602
101 499 	64 143 117739.144850	83 226 43769.849602
102 499 	64 143 117739.144850	83 226 43769.849602
103 499 	64 143 117739.144850	83 226 43769.849602
104 499 	64 143 117739.144850	83 226 43769.849602
105 499 	64 143 117739.144850	83 226 43769.849602
106 499 	64 143 117739.144850	83 226 43769.849602
107 499 	64 143 117739.144850	83 226 43769.849602
108 499 	64 143 117739.144850	83 226 43769.849602
109 499 	64 143 117739.144850	83 226 43769.849602
110 499 	64 143 117739.144850	83 226 43769.849602
111 499 	64 143 117739.144850	83 226 43769.849602
112 499 	64 143 117739.144850	83 226 43769.849602
113 499 	64 143 117739.144850	83 226 43769.849602
114 499 	64 143 117739.144850	83 226 43769.849602
115 499 	64 143 117739.144850	83 226 43769.849602
116 499 	64 143 117739.144850	83 226 43769.849602
117 499 	64 143 117739.144850	83 226 43769.849602
118 499 	64 143 117739.144850	83 226 43769.849602
119 499 	64 143 117739.144850	83 226 43769.849602
120 499 	64 143 117739.144850	83 226 43769.849602
121 499 	64 143 117739.144850	83 226 43769.849602
122 499 	64 143 117739.144850	83 226 43769.849602
123 499 	64 143 117739.144850	83 226 43769.849602
124 499 	64 143 117739.144850	83 226 43769.849602
125 499 	64 143 117739.144850	83 226 43769.849602
126 499 	64 143 117739.144850	83 226 43769.849602
127 499 	64 143 117739.144850	83 226 43769.849602
128 499 	64 143 117739.144850	83 226 43769.849602
129 499 	64 143 117739.144850	83 226 43769.849602
130 499 	64 143 117739.144850	83 226 43769.849602
131 499 	64 143 117739.144850	83 226 43769.849602
132 499 	64 143 117739.144850	83 226 43769.849602
133 499 	64 143 117739.144850	83 226 43769.849602
134 499 	64 143 117739.144850	83 226 43769.849602
135 499 	64 143 117739.144850	83 226 43769.849602
136 499 	64 143 117739.144850	83 226 43769.849602
137 499 	64 143 117739.144850	83 226 43769.849602
138 499 	64 143 117739.144850	83 226 43769.849602
139 499 	64 143 117739.144850	83 226 43769.849602
140 499 	64 143 117739.144850	83 226 43769.849602
141 499 	64 143 117739.144850	83 226 43769.849602
142 499 	64 143 117739.144850	83 226 43769.849602
143 499 	143 351 117761.647418	83 226 43769.849602
144 499 	143 351 117761.647418	83 226 43769.849602
145 499 	143 351 117761.647418	83 226 43769.849602
146 499 	143 351 117761.647418	83 226 43769.849602
147 499 	143 351 117761.647418	83 226 43769.849602
148 499 	143 351 117761.647418	83 226 43769.849602
149 499 	143 351 117761.647418	83 226 43769.849602
150 499 	143 351 117761.647418	83 226 43769.849602
151 499 	143 351 117761.647418	83 226 43769.849602
152 499 	143 351 117761.647418	83 226 43769.849602
153 499 	143 351 117761.647418	83 226 43769.849602
154 499 	143 351 117761.647418	83 226 43769.849602
155 499 	143 351 117761.647418	83 226 43769.849602
156 499 	143 351 117761.647418	83 226 43769.849602
157 499 	143 351 117761.647418	83 226 43769.849602
158 499 	143 351 117761.647418	83 226 43769.849602
159 499 	143 351 117761.647418	83 226 43769.849602
160 499 	143 351 117761.647418	83 226 43769.849602
161 499 	143 351 117761.647418	83 226 43769.849602
162 499 	143 351 117761.647418	83 226 43769.849602
163 499 	143 351 117761.647418	83 226 43769.849602
164 499 	143 351 117761.647418	83 226 43769.849602
165 499 	143 351 117761.647418	83 226 43769.849602
166 499 	143 351 117761.647418	83 226 43769.849602
167 499 	143 351 117761.647418	83 226 43769.849602
168 499 	143 351 117761.647418	83 226 43769.849602
169 499 	143 351 117761.647418	83 226 43769.849602
170 499 	143 351 117761.647418	83 226 43769.849602
171 499 	143 351 117761.647418	83 226 43769.849602
172 499 	143 351 117761.647418	83 226 43769.849602
173 499 	143 351 117761.647418	83 226 43769.849602
174 499 	143 351 117761.647418	83 226 43769.849602
175 499 	143 351 117761.647418	83 226 43769.849602
176 499 	143 351 117761.647418	83 226 43769.849602
177 499 	143 351 117761.647418	83 226 43769.849602
178 499 	143 351 117761.647418	83 226 43769.849602
179 499 	143 351 117761.647418	83 226 43769.849602
180 499 	143 351 117761.647418	83 226 43769.849602
181 499 	143 351 117761.647418	83 226 43769.849602
182 499 	143 351 117761.647418	83 226 43769.849602
183 499 	143 351 117761.647418	83 226 43769.849602
184 499 	143 351 117761.647418	83 226 43769.849602
185 499 	143 351 117761.647418	83 226 43769.849602
186 499 	143 351 117761.647418	83 226 43769.849602
187 499 	143 351 117761.647418	83 226 43769.849602
188 499 	143 351 117761.647418	83 226 43769.849602
189 499 	143 351 117761.647418	83 226 43769.849602
190 499 	143 351 117761.647418	83 226 43769.849602
191 499 	143 351 117761.647418	83 226 43769.849602
192 499 	143 351 117761.647418	83 226 43769.849602
193 499 	143 351 117761.647418	83 226 43769.849602
194 499 	143 351 117761.647418	83 226 43769.849602
195 499 	143 351 117761.647418	83 226 43769.849602
196 499 	143 351 117761.647418	83 226 43769.849602
197 499 	143 351 117761.647418	83 226 43769.849602
198 499 	143 351 117761.647418	83 226 43769.849602
199 499 	143 351 117761.647418	83 226 43769.849602
200 499 	143 351 117761.647418	83 226 43769.849602
201 499 	143 351 117761.647418	83 226 43769.849602
202 499 	143 351 117761.647418	83 226 43769.849602
203 499 	143 351 117761.647418	83 226 43769.849602
204 499 	143 351 117761.647418	83 226 43769.849602
205 499 	143 351 117761.647418	83 226 43769.849602
206 499 	143 351 117761.647418	83 226 43769.849602
207 499 	143 351 117761.647418	83 226 43769.849602
208 499 	143 351 117761.647418	83 226 43769.849602
209 499 	143 351 117761.647418	83 226 43769.849602
210 499 	143 351 117761.647418	83 226 43769.849602
211 499 	143 351 117761.647418	83 226 43769.849602
212 499 	143 351 117761.647418	83 226 43769.849602
213 499 	143 351 117761.647418	83 226 43769.849602
214 499 	143 351 117761.647418	83 226 43769.849602
215 499 	143 351 117761.647418	83 226 43769.849602
216 499 	143 351 117761.647418	83 226 43769.849602
217 499 	143 351 117761.647418	83 226 43769.849602
218 499 	143 351 117761.647418	83 226 43769.849602
219 499 	143 351 117761.647418	83 226 43769.849602
220 499 	143 351 117761.647418	83 226 43769.849602
221 499 	143 351 117761.647418	83 226 43769.849602
222 499 	143 351 117761.647418	83 226 43769.849602
223 499 	143 351 117761.647418	83 226 43769.849602
224 499 	143 351 117761.647418	83 226 43769.849602
225 499 	143 351 117761.647418	83 226 43769.849602
226 499 	143 351 117761.647418	83 226 43769.849602
227 499 	143 351 117761.647418	83 226 43769.849602
228 499 	143 351 117761.647418	83 226 43769.849602
229 499 	143 351 117761.647418	83 226 43769.849602
230 499 	143 351 117761.647418	83 226 43769.849602
231 499 	143 351 117761.647418	83 226 43769.849602
232 499 	143 351 117761.647418	83 226 43769.849602
233 499 	143 351 117761.647418	83 226 43769.849602
234 499 	143 351 117761.647418	83 226 43769.849602
235 499 	143 351 117761.647418	83 226 43769.849602
236 499 	143 351 117761.647418	83 226 43769.849602
237 499 	143 351 117761.647418	83 226 43769.849602
238 499 	143 351 117761.647418	83 226 43769.849602
239 499 	143 351 117761.647418	83 226 43769.849602
240 499 	143 351 117761.647418	83 226 43769.849602
241 499 	143 351 117761.647418	83 226 43769.849602
242 499 	143 351 117761.647418	83 226 43769.849602
243 499 	143 351 117761.647418	83 226 43769.849602
244 499 	143 351 117761.647418	83 226 43769.849602
245 499 	143 351 117761.647418	83 226 43769.849602
246 499 	143 351 117761.647418	83 226 43769.849602
247 499 	143 351 117761.647418	83 226 43769.849602
248 499 	143 351 117761.647418	83 226 43769.849602
249 499 	143 351 117761.647418	83 226 43769.849602
250 499 	143 351 117761.647418	83 226 43769.849602
251 499 	143 351 117761.647418	83 226 43769.849602
252 499 	143 351 117761.647418	83 226 43769.849602
253 499 	143 351 117761.647418	83 226 43769.849602
254 499 	143 351 117761.647418	83 226 43769.849602
255 499 	143 351 117761.647418	83 226 43769.849602
256 499 	143 351 117761.647418	83 226 43769.849602
257 499 	143 351 117761.647418	83 226 43769.849602
258 499 	143 351 117761.647418	83 226 43769.849602
259 499 	143 351 117761.647418	83 226 43769.849602
260 499 	143 351 117761.647418	83 226 43769.849602
261 499 	143 351 117761.647418	83 226 43769.849602
262 499 	143 351 117761.647418	83 226 43769.849602
263 499 	143 351 117761.647418	83 226 43769.849602
264 499 	143 351 117761.647418	83 226 43769.849602
265 499 	143 351 117761.647418	83 226 43769.849602
266 499 	143 351 117761.647418	83 226 43769.849602
267 499 	143 351 117761.647418	83 226 43769.849602
268 499 	143 351 117761.647418	83 226 43769.849602
269 499 	143 351 117761.647418	83 226 43769.849602
270 499 	143 351 117761.647418	83 226 43769.849602
271 499 	143 351 117761.647418	83 226 43769.849602
272 499 	143 351 117761.647418	83 226 43769.849602
273 499 	143 351 117761.647418	83 226 43769.849602
274 499 	143 351 117761.647418	83 226 43769.849602
275 499 	143 351 117761.647418	83 226 43769.849602
276 499 	143 351 117761.647418	83 226 43769.849602
277 499 	143 351 117761.647418	83 226 43769.849602
278 499 	143 351 117761.647418	83 226 43769.849602
279 499 	143 351 117761.647418	83 226 43769.849602
280 499 	143 351 117761.647418	83 226 43769.849602
281 499 	143 351 117761.647418	83 226 43769.849602
282 499 	143 351 117761.647418	83 226 43769.849602
283 499 	143 351 117761.647418	83 226 43769.849602
284 499 	143 351 117761.647418	83 226 43769.849602
285 499 	143 351 117761.647418	83 226 43769.849602
286 499 	143 351 117761.647418	83 226 43769.849602
287 499 	143 351 117761.647418	83 226 43769.849602
288 499 	143 351 117761.647418	83 226 43769.849602
289 499 	143 351 117761.647418	83 226 43769.849602
290 499 	143 351 117761.647418	83 226 43769.849602
291 499 	143 351 117761.647418	83 226 43769.849602
292 499 	143 351 117761.647418	83 226 43769.849602
293 499 	143 351 117761.647418	83 226 43769.849602
294 499 	143 351 117761.647418	83 226 43769.849602
295 499 	143 351 117761.647418	83 226 43769.849602
296 499 	143 351 117761.647418	83 226 43769.849602
297 499 	143 351 117761.647418	83 226 43769.849602
298 499 	143 351 117761.647418	83 226 43769.849602
299 499 	143 351 117761.647418	83 226 43769.849602
300 499 	143 351 117761.647418	83 226 43769.849602
301 499 	143 351 117761.647418	83 226 43769.849602
302 499 	143 351 117761.647418	83 226 43769.849602
303 499 	143 351 117761.647418	83 226 43769.849602
304 499 	143 351 117761.647418	83 226 43769.849602
305 499 	143 351 117761.647418	83 226 43769.849602
306 499 	143 351 117761.647418	83 226 43769.849602
307 499 	143 351 117761.647418	83 226 43769.849602
308 499 	143 351 117761.647418	83 226 43769.849602
309 499 	143 351 117761.647418	83 226 43769.849602
310 499 	143 351 117761.647418	83 226 43769.849602
311 499 	143 351 117761.647418	83 226 43769.849602
312 499 	143 351 117761.647418	83 226 43769.849602
313 499 	143 351 117761.647418	83 226 43769.849602
314 499 	143 351 117761.647418	83 226 43769.849602
315 499 	143 351 117761.647418	83 226 43769.849602
316 499 	143 351 117761.647418	83 226 43769.849602
317 499 	143 351 117761.647418	83 226 43769.849602
318 499 	143 351 117761.647418	83 226 43769.849602
319 499 	143 351 117761.647418	83 226 43769.849602
320 499 	143 351 117761.647418	83 226 43769.849602
321 499 	143 351 117761.647418	83 226 43769.849602
322 499 	143 351 117761.647418	83 226 43769.849602
323 499 	143 351 117761.647418	83 226 43769.849602
324 499 	143 351 117761.647418	83 226 43769.849602
325 499 	143 351 117761.647418	83 226 43769.849602
326 499 	143 351 117761.647418	83 226 43769.849602
327 499 	143 351 117761.647418	83 226 43769.849602
328 499 	143 351 117761.647418	83 226 43769.849602
329 499 	143 351 117761.647418	83 226 43769.849602
330 499 	143 351 117761.647418	83 226 43769.849602
331 499 	143 351 117761.647418	83 226 43769.849602
332 499 	143 351 117761.647418	83 226 43769.849602
333 499 	143 351 117761.647418	83 226 43769.849602
334 499 	143 351 117761.647418	83 226 43769.849602
335 499 	143 351 117761.647418	83 226 43769.849602
336 499 	143 351 117761.647418	83 226 43769.849602
337 499 	143 351 117761.647418	83 226 43769.849602
338 499 	143 351 117761.647418	83 226 43769.849602
339 499 	143 351 117761.647418	83 226 43769.849602
340 499 	143 351 117761.647418	83 226 43769.849602
341 499 	143 351 117761.647418	83 226 43769.849602
342 499 	143 351 117761.647418	83 226 43769.849602
343 499 	143 351 117761.647418	83 226 43769.849602
344 499 	143 351 117761.647418	83 226 43769.849602
345 499 	143 351 117761.647418	83 226 43769.849602
346 499 	143 351 117761.647418	83 226 43769.849602
347 499 	143 351 117761.647418	83 226 43769.849602
348 499 	143 351 117761.647418	83 226 43769.849602
349 499 	143 351 117761.647418	83 226 43769.849602
350 499 	143 351 117761.647418	83 226 43769.849602
351 499 	143 351 117761.647418	83 226 43769.849602
352 499 	143 351 117761.647418	83 226 43769.849602
353 499 	143 351 117761.647418	83 226 43769.849602
354 499 	143 351 117761.647418	83 226 43769.849602
355 499 	143 351 117761.647418	83 226 43769.849602
356 499 	143 351 117761.647418	83 226 43769.849602
357 499 	143 351 117761.647418	83 226 43769.849602
358 499 	143 351 117761.647418	83 226 43769.849602
359 499 	143 351 117761.647418	83 226 43769.849602
360 499 	143 351 117761.647418	83 226 43769.849602
361 499 	143 351 117761.647418	83 226 43769.849602
362 499 	143 351 117761.647418	83 226 43769.849602
363 499 	143 351 117761.647418	83 226 43769.849602
364 499 	143 351 117761.647418	83 226 43769.849602
365 499 	143 351 117761.647418	83 226 43769.849602
366 499 	143 351 117761.647418	83 226 43769.849602
367 499 	143 351 117761.647418	83 226 43769.849602
368 499 	143 351 117761.647418	83 226 43769.849602
369 499 	143 351 117761.647418	83 226 43769.849602
370 499 	143 351 117761.647418	83 226 43769.849602
371 499 	143 351 117761.647418	83 226 43769.849602
372 499 	143 351 117761.647418	83 226 43769.849602
373 499 	143 351 117761.647418	83 226 43769.849602
374 499 	143 351 117761.647418	83 226 43769.849602
375 499 	143 351 117761.647418	83 226 43769.849602
376 499 	143 351 117761.647418	83 226 43769.849602
377 499 	143 351 117761.647418	83 226 43769.849602
378 499 	143 351 117761.647418	83 226 43769.849602
379 499 	143 351 117761.647418	83 226 43769.849602
380 499 	143 351 117761.647418	83 226 43769.849602
381 499 	143 351 117761.647418	83 226 43769.849602
382 499 	143 351 117761.647418	83 226 43769.849602
383 499 	143 351 117761.647418	83 226 43769.849602
384 499 	143 351 117761.647418	83 226 43769.849602
385 499 	143 351 117761.647418	83 226 43769.849602
386 499 	143 351 117761.647418	83 226 43769.849602
387 499 	143 351 117761.647418	83 226 43769.849602
388 499 	143 351 117761.647418	83 226 43769.849602
389 499 	143 351 117761.647418	83 226 43769.849602
390 499 	143 351 117761.647418	83 226 43769.849602
391 499 	143 351 117761.647418	83 226 43769.849602
392 499 	143 351 117761.647418	83 226 43769.849602
393 499 	143 351 117761.647418	83 226 43769.849602
394 499 	143 351 117761.647418	83 226 43769.849602
395 499 	143 351 117761.647418	83 226 43769.849602
396 499 	143 351 117761.647418	83 226 43769.849602
397 499 	143 351 117761.647418	83 226 43769.849602
398 499 	143 351 117761.647418	83 226 43769.849602
399 499 	143 351 117761.647418	83 226 43769.849602
400 499 	143 351 117761.647418	83 226 43769.849602
401 499 	143 351 117761.647418	83 226 43769.849602
402 499 	143 351 117761.647418	83 226 43769.849602
403 499 	143 351 117761.647418	83 226 43769.849602
404 499 	143 351 117761.647418	83 226 43769.849602
405 499 	143 351 117761.647418	83 226 43769.849602
406 499 	143 351 117761.647418	83 226 43769.849602
407 499 	143 351 117761.647418	83 226 43769.849602
408 499 	143 351 117761.647418	83 226 43769.849602
409 499 	143 351 117761.647418	83 226 43769.849602
410 499 	143 351 117761.647418	83 226 43769.849602
411 499 	143 351 117761.647418	83 226 43769.849602
412 499 	143 351 117761.647418	83 226 43769.849602
413 499 	143 351 117761.647418	83 226 43769.849602
414 499 	143 351 117761.647418	83 226 43769.849602
415 499 	143 351 117761.647418	83 226 43769.849602
416 499 	143 351 117761.647418	83 226 43769.849602
417 499 	143 351 117761.647418	83 226 43769.849602
418 499 	143 351 117761.647418	83 226 43769.849602
419 499 	143 351 117761.647418	83 226 43769.849602
420 499 	143 351 117761.647418	83 226 43769.849602
421 499 	143 351 117761.647418	83 226 43769.849602
422 499 	143 351 117761.647418	83 226 43769.849602
423 499 	143 351 117761.647418	83 226 43769.849602
424 499 	143 351 117761.647418	83 226 43769.849602
425 499 	143 351 117761.647418	83 226 43769.849602
426 499 	143 351 117761.647418	83 226 43769.849602
427 499 	143 351 117761.647418	83 226 43769.849602
428 499 	143 351 117761.647418	83 226 43769.849602
429 499 	143 351 117761.647418	83 226 43769.849602
430 499 	143 351 117761.647418	83 226 43769.849602
431 499 	143 351 117761.647418	83 226 43769.849602
432 499 	143 351 117761.647418	83 226 43769.849602
433 499 	143 351 117761.647418	83 226 43769.849602
434 499 	143 351 117761.647418	83 226 43769.849602
435 499 	143 351 117761.647418	83 226 43769.849602
436 499 	143 351 117761.647418	83 226 43769.849602
437 499 	143 351 117761.647418	83 226 43769.849602
438 499 	143 351 117761.647418	83 226 43769.849602
439 499 	143 351 117761.647418	83 226 43769.849602
440 499 	143 351 117761.647418	83 226 43769.849602
441 499 	143 351 117761.647418	83 226 43769.849602
442 499 	143 351 117761.647418	83 226 43769.849602
443 499 	143 351 117761.647418	83 226 43769.849602
444 499 	143 351 117761.647418	83 226 43769.849602
445 499 	143 351 117761.647418	83 226 43769.849602
446 499 	143 351 117761.647418	83 226 43769.849602
447 499 	143 351 117761.647418	83 226 43769.849602
448 499 	143 351 117761.647418	83 226 43769.849602
449 499 	143 351 117761.647418	83 226 43769.849602
450 499 	143 351 117761.647418	83 226 43769.849602
451 499 	143 351 117761.647418	83 226 43769.849602
452 499 	143 351 117761.647418	83 226 43769.849602
453 499 	143 351 117761.647418	83 226 43769.849602
454 499 	143 351 117761.647418	83 226 43769.849602
455 499 	143 351 117761.647418	83 226 43769.849602
456 499 	143 351 117761.647418	83 226 43769.849602
457 499 	143 351 117761.647418	83 226 43769.849602
458 499 	143 351 117761.647418	83 226 43769.849602
459 499 	143 351 117761.647418	83 226 43769.849602
460 499 	143 351 117761.647418	83 226 43769.849602
461 499 	143 351 117761.647418	83 226 43769.849602
462 499 	143 351 117761.647418	83 226 43769.849602
463 499 	143 351 117761.647418	83 226 43769.849602
464 499 	143 351 117761.647418	83 226 43769.849602
465 499 	143 351 117761.647418	83 226 43769.849602
466 499 	143 351 117761.647418	83 226 43769.849602
467 499 	143 351 117761.647418	83 226 43769.849602
468 499 	143 351 117761.647418	83 226 43769.849602
469 499 	143 351 117761.647418	83 226 43769.849602
470 499 	143 351 117761.647418	83 226 43769.849602
471 499 	143 351 117761.647418	83 226 43769.849602
472 499 	143 351 117761.647418	83 226 43769.849602
473 499 	143 351 117761.647418	83 226 43769.849602
474 499 	143 351 117761.647418	83 226 43769.849602
475 499 	143 351 117761.647418	83 226 43769.849602
476 499 	143 351 117761.647418	83 226 43769.849602
477 499 	143 351 117761.647418	83 226 43769.849602
478 499 	143 351 117761.647418	83 226 43769.849602
479 499 	143 351 117761.647418	83 226 43769.849602
480 499 	143 351 117761.647418	83 226 43769.849602
481 499 	143 351 117761.647418	83 226 43769.849602
482 499 	143 351 117761.647418	83 226 43769.849602
483 499 	143 351 117761.647418	83 226 43769.849602
484 499 	143 351 117761.647418	83 226 43769.849602
485 499 	143 351 117761.647418	83 226 43769.849602
486 499 	143 351 117761.647418	83 226 43769.849602
487 499 	143 351 117761.647418	83 226 43769.849602
488 499 	143 351 117761.647418	83 226 43769.849602
489 499 	143 351 117761.647418	83 226 43769.849602
490 499 	143 351 117761.647418	83 226 43769.849602
491 499 	143 351 117761.647418	83 226 43769.849602
492 499 	143 351 117761.647418	83 226 43769.849602
493 499 	143 351 117761.647418	83 226 43769.849602
494 499 	143 351 117761.647418	83 226 43769.849602
495 499 	143 351 117761.647418	83 226 43769.849602
496 499 	143 351 117761.647418	83 226 43769.849602
497 499 	143 351 117761.647418	83 226 43769.849602
498 499 	143 351 117761.647418	83 226 43769.849602
499 499 	143 351 117761.647418	83 226 43769.849602
Using time : 61866.536000 ms
max : 143 351 117761.647418
min : 83 226 43769.849602
